StoreName=24/7
PickOutX=2885.865966
PickOutY=2453.726074
PickOutZ=11.068956
SpawnOutX=2887.842773
SpawnOutY=2455.256591
SpawnOutZ=11.068956
SpawnOutAngle=308.000000
StoreID=36
