StoreName=24/7
PickOutX=2863.561523
PickOutY=-1439.871704
PickOutZ=10.953805
SpawnOutX=2866.058105
SpawnOutY=-1439.742675
SpawnOutZ=10.953805
SpawnOutAngle=273.000000
StoreID=49
