StoreName=24/7
PickOutX=2273.489013
PickOutY=84.970413
PickOutZ=26.484375
SpawnOutX=2273.346923
SpawnOutY=87.466369
SpawnOutZ=26.484375
SpawnOutAngle=364.000000
StoreID=51
