StoreName=24/7
PickOutX=1352.203613
PickOutY=-1758.352416
PickOutZ=13.507812
SpawnOutX=1351.977539
SpawnOutY=-1755.862670
SpawnOutZ=13.507812
SpawnOutAngle=366.000000
StoreID=38
