StoreName=24/7
PickOutX=1940.661621
PickOutY=-2115.781005
PickOutZ=13.695312
SpawnOutX=1942.489257
SpawnOutY=-2114.075195
SpawnOutZ=13.695312
SpawnOutAngle=314.000000
StoreID=41
