StoreName=24/7
PickOutX=-1675.505371
PickOutY=431.572601
PickOutZ=7.179687
SpawnOutX=-1673.744750
SpawnOutY=429.797729
SpawnOutZ=7.179687
SpawnOutAngle=225.000000
StoreID=45
