StoreName=24/7
PickOutX=-1941.055175
PickOutY=2379.825439
PickOutZ=49.695312
SpawnOutX=-1938.804321
SpawnOutY=2380.913574
SpawnOutZ=49.695312
SpawnOutAngle=296.000000
StoreID=48
