StoreName=Well Stacked Pizza & Co.
PickOutX=2101.908203
PickOutY=-1806.538940
PickOutZ=13.554687
SpawnOutX=2099.412353
SpawnOutY=-1806.684936
SpawnOutZ=13.554687
SpawnOutAngle=454.000000
StoreID=5
