StoreName=Well Stacked Pizza & Co.
PickOutX=-1723.608154
PickOutY=1359.716064
PickOutZ=7.187500
SpawnOutX=-1726.108154
SpawnOutY=1359.710815
SpawnOutZ=7.187500
SpawnOutAngle=451.000000
StoreID=13
