StoreName=Well Stacked Pizza & Co.
PickOutX=2538.875732
PickOutY=2149.556396
PickOutZ=10.820312
SpawnOutX=2536.382812
SpawnOutY=2149.745605
SpawnOutZ=10.820312
SpawnOutAngle=446.000000
StoreID=23
