StoreName=Well Stacked Pizza & Co.
PickOutX=203.596069
PickOutY=-204.725677
PickOutZ=1.578125
SpawnOutX=203.640930
SpawnOutY=-207.225280
SpawnOutZ=1.578125
SpawnOutAngle=182.000000
StoreID=28
