StoreName=Bank
PickOutX=-1581.198120
PickOutY=904.919799
PickOutZ=7.695312
SpawnOutX=-1581.491577
SpawnOutY=907.402526
SpawnOutZ=7.695312
SpawnOutAngle=367.000000
StoreID=14
