StoreName=Bank
PickOutX=2387.419433
PickOutY=2465.984375
PickOutZ=10.820312
SpawnOutX=2384.926025
SpawnOutY=2466.164550
SpawnOutZ=10.820312
SpawnOutAngle=446.000000
StoreID=16
