StoreName=Bank
PickOutX=353.967651
PickOutY=2474.878173
PickOutZ=17.030311
SpawnOutX=351.497253
SpawnOutY=2475.261718
SpawnOutZ=17.030311
SpawnOutAngle=442.000000
StoreID=56
