StoreName=Cluckin' Bell
PickOutX=925.523498
PickOutY=-1352.971191
PickOutZ=13.376752
SpawnOutX=923.030700
SpawnOutY=-1352.781250
SpawnOutZ=13.376752
SpawnOutAngle=446.000000
StoreID=8
