StoreName=Cluckin' Bell
PickOutX=2393.205810
PickOutY=2042.553833
PickOutZ=10.820312
SpawnOutX=2393.026367
SpawnOutY=2045.047363
SpawnOutZ=10.820312
SpawnOutAngle=365.000000
StoreID=9
