StoreName=Cluckin' Bell
PickOutX=-2672.548095
PickOutY=262.433746
PickOutZ=4.632812
SpawnOutX=-2672.993652
SpawnOutY=264.893737
SpawnOutZ=4.632812
SpawnOutAngle=371.000000
StoreID=29
