StoreName=Cluckin' Bell
PickOutX=2397.825927
PickOutY=-1897.845092
PickOutZ=13.546875
SpawnOutX=2397.736572
SpawnOutY=-1895.346679
SpawnOutZ=13.546875
SpawnOutAngle=363.000000
StoreID=43
