StoreName=Ammunation
PickOutX=2557.074951
PickOutY=2063.491699
PickOutZ=11.099519
SpawnOutX=2557.133789
SpawnOutY=2060.992431
SpawnOutZ=11.099519
SpawnOutAngle=182.000000
StoreID=21
