StoreName=Ammunation
PickOutX=2537.677978
PickOutY=2083.831054
PickOutZ=10.820312
SpawnOutX=2535.177978
SpawnOutY=2083.821533
SpawnOutZ=10.820312
SpawnOutAngle=451.000000
StoreID=22
