StoreName=Ammunation
PickOutX=795.150756
PickOutY=1687.295166
PickOutZ=5.281250
SpawnOutX=797.616088
SpawnOutY=1686.880371
SpawnOutZ=5.281250
SpawnOutAngle=261.000000
StoreID=33
