StoreName=Ammunation
PickOutX=239.954132
PickOutY=-178.367080
PickOutZ=1.578125
SpawnOutX=237.457672
SpawnOutY=-178.500137
SpawnOutZ=1.578125
SpawnOutAngle=454.000000
StoreID=57
