StoreName=Burger Shot
PickOutX=2471.114990
PickOutY=2034.291992
PickOutZ=11.062500
SpawnOutX=2468.614990
SpawnOutY=2034.276611
SpawnOutZ=11.062500
SpawnOutAngle=451.000000
StoreID=2
