StoreName=Burger Shot
PickOutX=-2323.577880
PickOutY=-157.514999
PickOutZ=35.554687
SpawnOutX=-2323.444335
SpawnOutY=-155.018569
SpawnOutZ=35.554687
SpawnOutAngle=357.000000
StoreID=3
