StoreName=Burger Shot
PickOutX=1874.343505
PickOutY=2071.822509
PickOutZ=11.062500
SpawnOutX=1876.843505
SpawnOutY=2071.831298
SpawnOutZ=11.062500
SpawnOutAngle=271.000000
StoreID=24
