StoreName=Burger Shot
PickOutX=1159.133056
PickOutY=2072.096679
PickOutZ=11.062500
SpawnOutX=1161.320190
SpawnOutY=2070.885742
SpawnOutZ=11.062500
SpawnOutAngle=242.000000
StoreID=30
