StoreName=Burger Shot
PickOutX=172.092651
PickOutY=1175.692382
PickOutZ=14.764543
SpawnOutX=170.433044
SpawnOutY=1173.822753
SpawnOutZ=14.764543
SpawnOutAngle=499.000000
StoreID=31
