StoreName=Burger Shot
PickOutX=2170.941406
PickOutY=2795.574707
PickOutZ=10.820312
SpawnOutX=2173.197998
SpawnOutY=2794.498779
SpawnOutZ=10.820312
SpawnOutAngle=245.000000
StoreID=37
