StoreName=Burger Shot
PickOutX=1199.290893
PickOutY=-919.171203
PickOutZ=43.115226
SpawnOutX=1198.985595
SpawnOutY=-921.652465
SpawnOutZ=43.115226
SpawnOutAngle=533.000000
StoreID=40
