StoreName=Bank
PickOutX=1480.883544
PickOutY=-1769.889526
PickOutZ=18.795755
SpawnOutX=1480.724975
SpawnOutY=-1767.394531
SpawnOutZ=18.795755
SpawnOutAngle=364.000000
StoreID=32
