StoreName=Bank
PickOutX=1360.483032
PickOutY=206.955963
PickOutZ=19.554687
SpawnOutX=1361.719604
SpawnOutY=209.128692
SpawnOutZ=19.554687
SpawnOutAngle=331.000000
StoreID=53
