StoreName=24/7
PickOutX=-79.731246
PickOutY=-1169.447265
PickOutZ=2.170182
SpawnOutX=-82.029190
SpawnOutY=-1168.462646
SpawnOutZ=2.170182
SpawnOutAngle=427.000000
StoreID=50
