StoreName=24/7
PickOutX=1255.328491
PickOutY=271.773071
PickOutZ=19.554687
SpawnOutX=1254.344604
SpawnOutY=269.474822
SpawnOutZ=19.554687
SpawnOutAngle=517.000000
StoreID=52
