StoreName=24/7
PickOutX=1832.085815
PickOutY=-1842.604003
PickOutZ=13.578125
SpawnOutX=1829.594726
SpawnOutY=-1842.392944
SpawnOutZ=13.578125
SpawnOutAngle=446.000000
StoreID=54
