StoreName=24/7
PickOutX=2452.466796
PickOutY=2063.246337
PickOutZ=10.820312
SpawnOutX=2452.135253
SpawnOutY=2060.768310
SpawnOutZ=10.820312
SpawnOutAngle=533.000000
StoreID=55
