StoreName=24/7
PickOutX=1374.167724
PickOutY=467.674468
PickOutZ=20.176483
SpawnOutX=1372.866455
SpawnOutY=465.539794
SpawnOutZ=20.176483
SpawnOutAngle=509.000000
StoreID=58
