StoreName=24/7
PickOutX=2193.219238
PickOutY=1990.929443
PickOutZ=12.296875
SpawnOutX=2190.722656
SpawnOutY=1990.797119
SpawnOutZ=12.296875
SpawnOutAngle=454.000000
StoreID=39
