StoreName=24/7
PickOutX=1930.018310
PickOutY=-1776.326782
PickOutZ=13.546875
SpawnOutX=1932.517578
SpawnOutY=-1776.389038
SpawnOutZ=13.546875
SpawnOutAngle=269.000000
StoreID=44
