StoreName=24/7
PickOutX=662.176513
PickOutY=1717.378417
PickOutZ=7.187500
SpawnOutX=660.751525
SpawnOutY=1719.432495
SpawnOutZ=7.187500
SpawnOutAngle=395.000000
StoreID=46
