StoreName=24/7
PickOutX=-1465.654418
PickOutY=1871.865234
PickOutZ=32.632812
SpawnOutX=-1465.549438
SpawnOutY=1869.367431
SpawnOutZ=32.632812
SpawnOutAngle=183.000000
StoreID=47
