StoreName=Cluckin' Bell
PickOutX=-1816.358276
PickOutY=616.338928
PickOutZ=35.171875
SpawnOutX=-1815.921508
SpawnOutY=613.877380
SpawnOutZ=35.171875
SpawnOutAngle=191.000000
StoreID=4
