StoreName=Cluckin' Bell
PickOutX=2104.482177
PickOutY=2228.703369
PickOutZ=11.023437
SpawnOutX=2106.972167
SpawnOutY=2228.479492
SpawnOutZ=11.023437
SpawnOutAngle=265.000000
StoreID=10
