StoreName=Cluckin' Bell
PickOutX=-1212.255859
PickOutY=1831.968261
PickOutZ=41.929687
SpawnOutX=-1210.498413
SpawnOutY=1833.746215
SpawnOutZ=41.929687
SpawnOutAngle=316.000000
StoreID=15
