StoreName=Cluckin' Bell
PickOutX=2847.190917
PickOutY=2413.978759
PickOutZ=11.068956
SpawnOutX=2848.888183
SpawnOutY=2412.143310
SpawnOutZ=11.068956
SpawnOutAngle=223.000000
StoreID=17
