StoreName=Cluckin' Bell
PickOutX=2636.589111
PickOutY=1671.939453
PickOutZ=11.023437
SpawnOutX=2634.089111
SpawnOutY=1671.940917
SpawnOutZ=11.023437
SpawnOutAngle=450.000000
StoreID=35
