StoreName=Burger Shot
PickOutX=813.621398
PickOutY=-1616.263427
PickOutZ=13.554670
SpawnOutX=816.120910
SpawnOutY=-1616.313476
SpawnOutZ=13.554670
SpawnOutAngle=269.000000
StoreID=1
