StoreName=Burger Shot
PickOutX=-1910.900146
PickOutY=829.602600
PickOutZ=35.171875
SpawnOutX=-1909.411132
SpawnOutY=831.610778
SpawnOutZ=35.171875
SpawnOutAngle=324.000000
StoreID=12
