StoreName=Burger Shot
PickOutX=2365.590087
PickOutY=2070.973632
PickOutZ=10.820312
SpawnOutX=2363.091796
SpawnOutY=2070.878662
SpawnOutZ=10.820312
SpawnOutAngle=453.000000
StoreID=20
