StoreName=Well Stacked Pizza & Co.
PickOutX=2421.757324
PickOutY=-1508.926025
PickOutZ=23.992208
SpawnOutX=2424.256347
SpawnOutY=-1508.995971
SpawnOutZ=23.992208
SpawnOutAngle=269.000000
StoreID=6
