StoreName=Well Stacked Pizza & Co.
PickOutX=2083.338134
PickOutY=2223.379638
PickOutZ=11.023437
SpawnOutX=2082.616210
SpawnOutY=2220.986083
SpawnOutZ=11.023437
SpawnOutAngle=524.000000
StoreID=11
