StoreName=Well Stacked Pizza & Co.
PickOutX=2756.883789
PickOutY=2475.283935
PickOutZ=11.062500
SpawnOutX=2756.930664
SpawnOutY=2472.784423
SpawnOutZ=11.062500
SpawnOutAngle=182.000000
StoreID=18
