StoreName=Well Stacked Pizza & Co.
PickOutX=2636.539306
PickOutY=1849.962646
PickOutZ=11.023437
SpawnOutX=2634.042724
SpawnOutY=1850.093383
SpawnOutZ=11.023437
SpawnOutAngle=448.000000
StoreID=19
