StoreName=Well Stacked Pizza & Co.
PickOutX=1364.453369
PickOutY=249.656204
PickOutZ=19.566932
SpawnOutX=1362.126953
SpawnOutY=250.571411
SpawnOutZ=19.566932
SpawnOutAngle=429.000000
StoreID=25
