StoreName=Well Stacked Pizza & Co.
PickOutX=2335.588378
PickOutY=74.826179
PickOutZ=26.482442
SpawnOutX=2338.086914
SpawnOutY=74.738479
SpawnOutZ=26.482442
SpawnOutAngle=268.000000
StoreID=26
