StoreName=Ammunation
PickOutX=1365.472045
PickOutY=-1279.631469
PickOutZ=13.546875
SpawnOutX=1362.991577
SpawnOutY=-1279.319458
SpawnOutZ=13.546875
SpawnOutAngle=443.000000
StoreID=7
