StoreName=Ammunation
PickOutX=2335.235839
PickOutY=61.720703
PickOutZ=26.482959
SpawnOutX=2337.734863
SpawnOutY=61.648288
SpawnOutZ=26.482959
SpawnOutAngle=269.000000
StoreID=27
