StoreName=Ammunation
PickOutX=-314.771728
PickOutY=829.991088
PickOutZ=14.242187
SpawnOutX=-312.283477
SpawnOutY=830.233032
SpawnOutZ=14.242187
SpawnOutAngle=276.000000
StoreID=42
